238972
239357
239374
158330
158327
158318
158306
158281
158278
158265
158251
158248
158244
158239
158227
158224
158213
158177
158169
158154
158151
158119
158114
158103
158083
158072
158067
158079
158057
158035
158038
158006
158003
157999
157989
157983
157980
157937
157931
157927
157911
157895
157969
157831
157828
158469
157812
157809
158105
158228
157800
157781
157780
157782
157756
157753
157749
157738
157731
157724
157709
157686
157678
157675
157672
157681
157662
157653
157708
157641
157636
157617
157607
157598
157550
157481
157494
157484
157634
157447
157440
157420
157415
157414
157685
157954
157360
157345
157324
157309
157298
157284
157238
157221
157203
157181
157177
157166
157153
157147
157139
157134
157300
157089
157044
157068
157062
157043
157032
157310
156981
156975
157226
156909
156910
156897
156889
156879
156876
156830
156826
156822
156798
156729
156725
156685
156639
156630
156622
156577
156566
156716
156541
156739
156923
156477
156475
156472
156442
156437
156424
156411
156376
156356
156350
156306
156300
156294
156277
156274
156231
156154
156148
156105
156104
156066
156047
156035
156027
156024
156020
156009
156010
155962
155940
155885
155880
155851
155836
155809
155799
155792
155848
155760
155732
155988
155682
156525
159394
155982
155584
155579
155563
155555
155546
155524
155497
155493
155474
155488
155459
155437
155418
155400
155388
155385
155358
155361
155348
155347
155353
155328
155326
155323
155320
155300
155309
155297
155266
155260
155259
155425
155235
155159
155468
155133
155132
155131
155376
155668
155526
155121
155102
155089
155061
155059
155052
155048
155036
155026
155024
155016
155058
154978
154965
154983
154949
154944
154942
154934
154928
154930
154924
154914
154914
154895
154894
154923
154884
154883
154871
154847
154846
154832
154827
154747
154818
154815
154805
154796
154791
154788
154795
154781
154772
154770
154764
154736
154719
154691
154675
154859
156503
154629
154622
154586
154585
154583
154584
154577
154569
154567
154564
154556
154555
154521
154514
154517
154495
154485
154468
154439
154608
154420
156091
154390
154407
154604
154398
154397
154369
154474
154341
154330
154323
154292
154302
154543
154255
154248
154244
154229
154214
154208
154207
154201
154199
154198
154205
154196
154187
154180
154176
154172
154160
154123
154119
154117
154059
154104
154006
153999
154152
153989
154234
154191
154246
153951
153943
153942
153941
153940
153921
153914
153901
153899
153902
153885
153862
153853
153849
153845
153836
153844
153785
153743
153741
153707
153703
153695
153690
153664
153649
153636
153642
153575
153944
153661
153520
153530
153456
153503
153434
153414
153404
153376
153332
153415
153303
153262
153260
153250
153424
153188
153178
153173
153114
153480
153487
153589
153429
153030
153032
153027
153023
153020
152992
152964
152939
152931
152911
152896
152870
152871
152857
152852
152848
152837
152831
152826
152816
152797
152789
152793
152768
152764
152759
152746
152744
152741
152733
152731
152845
153190
159013
152895
152886
152657
152654
152653
152645
152625
152624
152608
152593
152594
152585
152579
152575
152571
152548
152540
152534
152521
152512
152505
152497
152494
152511
152482
152478
152469
152463
152452
152448
152446
152341
152432
152405
152401
152485
152366
152330
152436
152507
152302
152293
152279
152253
152227
152212
152208
152206
152199
152195
152190
152158
152137
152100
152091
152081
152053
152048
152037
152150
152035
152009
151997
151976
152123
151943
151938
151935
151932
151920
151918
151897
152129
158045
158045