262071
261982
261952
261918
261846
261821
262871
261775
261717
261706
261660
261477
261460
261734
261401
261203
261201
261184
261103
260978
260971
260913
260621
260599
260540
260617
260374
260319
260061
259942
259899
259735
259724
259678
259645
259711
259385
259384
259380
259341
259305
259292
259271
259272
259264
259251
259224
259212
259205
259202
259199
259191
259188
259185
259168
259122
259257
259399
259404
259028
259010
258999
258994
258972
258968
258951
258954
258911
258898
258891
258885
258845
258839
258838
258827
258812
258809
258797
258798
258788
258756
258755
258749
258739
258731
258721
258688
258685
258608
258607
258602
258592
258588
258564
258551
258543
258549
258541
258512
258511
258521
258497
258495
258485
258467
258448
258444
258441
258418
258415
258401
258381
258382
258376
258352
258342
258290
258280
258271
258283
258238
258220
258206
258197
258191
258179
258169
258156
258154
258152
258115
258105
258168
258069
258049
258194
258274
258447
258469
258472
258555
258624
259452
259465
257986
257975
257966
257919
257891
257870
257861
257862
257845
257848
257818
257811
257776
257786
257770
257766
257752
257746
257742
257731
257721
257710
257702
257698
257701
257687
257688
257683
257682
257679
257655
257614
257596
257588
257546
257539
257780
257516
257828
257852
257520
257863
258146
257871
257469
257456
257445
257427
257422
257421
257417
257415
257407
257402
257388
257383
257353
257334
257346
257298
257295
257291
257286
257270
257262
257202
257192
257179
257146
257140
257204
257129
257124
257107
257081
257420
257155
257357
257424
257478
257548
257288
258132
257003
257001
256997
256988
256973
256976
256965
256956
256912
256903
256890
256875
256863
256861
256853
256808
256779
256778
256771
256729
256736
256725
256702
256675
256723
256816
257014
257228
257241
256497
256488
256485
256482
256478
256461
256447
256445
256441
256446
256458
256432
256422
256434
256408
256402
256399
256412
256379
256381
256363
256350
256349
256348
256339
256336
256327
256320
256325
256315
256310
256311
256308
256306
256299
256292
256293
256284
256278
256274
256272
256250
256249
256237
256228
256222
256223
256220
256204
256200
256201
256161
256156
256151
256132
256124
256120
256103
256520
256084
256078
256042
256019
256001
256547
256637
256767
255969
257130
257611
256361
256394
256232
256322
256324
256474