2439551519
2439496623
2439489366
2439566111
2438965081
2439149516
576272308
2439114227
2439130357
2437135057
2438967500
2437084838
2436006311
2438833543
2438928178
2438887506
2439701303
2437478177
2438227933
2438249413
2438165607
2438227718
2438183262
2438210803
2438138607
2438108233
2438086022
2438074739
2432589014
2437278509
2437448949
2437391537
2437151495
2437370075
2437244163
2437322388
2437265623
2437209187
2437441399
2437077360
2436509515
2436359906
2436555109
2435847914
2436580701
2436572203
2436524997
2434694546
2436700065
2435917945
2435718657
2435624510
2435650168
2435567611
2435622654
2435465328
2433757004
2434944335
2434855069
2433346890
2434762438
2434788073
2434959666
2435928534
2434516792
2433847835
2433853082
2433847039
2433359327
2424929497
2433958384
2433964291
2433874452
2433885667
2433908393
2433883609
2433877730
2433842312
2433928567
2433508606
2433519778
2432086716
2433512835
2433485729
2433507893
2433416849
2433496512
2433442175
2433397926
2433449248
7773822278
2433398145
2433281499
2433258133
2431915083
2432654189
2432108820
2432762282
2432721612
2431321493
2432725408
2432728499
2432674082
2432658529
2432643150
2432603189
2432625445
2432516550
2430276778
2431867704
2432478402
2431216592
2431956839
2431916401
2431978027
2432018399
2431301118
2431432246
2431215889
2431209696
2431123558
2431277320
2431151742
2431279815
2431219134
2431222684
2431164406
2431174432
2429476196
2431213529
2429190859
2430007176
2430186643
2429302417
2429462263
2429376962
2429434560
2429295290
2429087319
2429360481
2427921949
2429467477
2429419180
2429351299
2429353685
2429077590
2429269610
2429319968
2429127022
2429440192
2428570251
2428525200
2428579796
2428501483
2428483962
2428112664
2428142772
2428082966
2424144129
2427951228