284107
284039
283983
283947
283773
283732
283688
283677
283676
283672
283641
283633
283595
283582
283501
283444
284422
283259
283261
283265
283205
283166
283163
283157
283105
283094
283065
283045
282822
282794
282769
282717
282686
282688
282665
282643
282633
282566
282844
282525
282369
282306
282299
282290
282273
282263
282225
282223
282491
282081
281914
281890
281878
281856
281843
281811
281717
281679
281640
281623
281608
281599
282433
282079
281526
281424
281419
281383
281380
281368
281345
281326
281255
281240
281238
281216
281198
281173
281268
281114
281112
281091
281085
281073
281067
281047
281031
281029
280999
280994
280995
280896
280835
280791
280787
280707
280703
280670
280659
280653
280622
280592
280554
280549
280538
280530
280517
280522
280459
280664
280418
280313
280234
280300
280171
280387
280388
280040
279956
279945
279944
279931
279911
279908
279844
279840
279800
279819
279923
279854
279460
279439
279496
279279
279278
279265
279244
279238
279231
279211
279212
279194
279152
279142
279143
279116
279109
279106
279048
279239
278904
278903
278841
278807
278769
278705
278642
278567
278470
278467