289657
289638
289630
289624
289616
289614
289599
289596
289595
289593
289582
289569
289562
289558
289555
289545
289543
289546
289537
289536
289516
289507
289493
289465
289456
289442
289433
289427
289400
289575
289374
289775
289409
289348
289326
289634
289311
289645
289280
289448
290119
289266
289264
289228
289207
289203
289201
289200
289189
289186
289172
289171
289164
289154
289149
289141
289134
289130
289117
289109
289106
289088
289083
289079
289068
289047
289041
289033
289032
289029
289027
289020
288995
288992
288981
288976
288960
288950
288934
288920
289131
288900
289243
289245
288880
288879
288876
288818
288811
288808
288793
288784
288782
288779
288777
288771
288762
288757
288755
288745
288743
288733
288724
288713
288693
288680
288675
288666
288663
288661
288654
288646
288565
288633
288628
288524
288520
288507
288494
288490
288473
288454
288449
288440
288579
288679
288405
288378
288343
288328
288327
288322
288314
288308
288300
288284
288281
288262
288261
288260
288257
288249
288239
288229
288203
288196
288317
288166
288159
288155
288146
288145
288138
288134
288116
288110
288101
288098
288070
288031
288025
288106
288333
288342
288345
287993
288189
287960
287958
287947
287949
287943
287935
287933
287938
287922
287920
287910
287909
287895
287880
287870
287868
287855
287834
287814
287799
287798
287781
287777
287775
287774
287778
287738
287726
287723
287801
287713
287830
287695
287762
287872
287679
287669
287660
287646
287618
287791
287758
287593
287563
287557
287552
287550
287549
287540
287518
287515
287450
287441
287436
287413
287378
287375
287374
287359
287686
287321
287497
287548
287261
287238
287161
287145
287105
287069
287067
287023
287021
286998
287003
287210
286976
287108
287202
286919
286917
286913
286911
286905
286866
286854
286840
286838
286831
286824
286813
286775
286767
286771
286663
286636
286625
286615
286897
286580
286829
286768
286533
286531
286721
286446
286438
286431
286427
286385
286373
286420
286366
286350
286349
286346
286344
286343
286345
286339
286330
286316
286301
286215
286293
286312
286289
286288
286267
286265
286256
286237
286236
286232
286218
286213
286209
286198
286368
286194
286575
287198
286302
286359
286161
286143
286140
286142
286131
286126
286096
286083
286091
286058
286048
286043
286030
286038
286020
286012
285990
285949
285952
285915
285904
285869
285811
285801
286104
285868
285762
285747
285716
285706
285698
285665
285662
285645
285625
285624
285597
285567
285447
285562
285561
285556
285700
285542
285522
285514
285497
285481
285634
285778
285822
285406
285396
285350
285349
285348
285342
285329
285326
285315
285307
285305
285248
285246
285237
285218
285219
285197
285211
285398
285016
284888
284707
284539