278337
278404
278634
277613
277577
277722
277478
277380
277347
277449
277138
277127
277034
277006
276903
276886
276879
276870
276835
276822
276821
276808
276813
276801
276781
276763
276760
276766
276757
276747
276753
276740
276746
276737
276733
276731
276728
276727
276726
276723
276699
276695
276696
276690
276720
276656
276647
276629
276841
276597
276943
276946
277113
276803
276734
276751
276567
276565
276556
276549
276546
276543
276541
276538
276536
276533
276528
276524
276509
276503
276504
276496
276491
276487
276485
276479
276475
276467
276449
276441
276423
276421
276406
276403
276399
276385
276378
276361
276348
276341
276338
276327
276320
276396
276318
276303
276278
276275
276268
276232
276201
276199
276154
276372
276126
276358
276417
276099
276096
276082
276074
276057
276054
276053
276050
276025
276007
275998
275984
275975
275974
275967
275966
275962
275949
275943
275920
275918
275909
275908
275901
275886
275876
275873
275845
275846
275807
275794
275994
275755
275826
275926
275696
275677
275672
275666
275665
275655
275654
275651
275645
275640
275639
275614
275612
275598
275584
275578
275657
275533
275521
275517
275536
275472
275479
275676
275428
275730
275590
275377
275366
275364
275357
275356
275353
275344
275333
275331
275296
275291
275290
275253
275249
275251
275236
275234
275226
275229
275219
275213
275387
275204
275201
275189
275174
275169
275397
275475
275483
275103
275064
275061
275056
275044
275040
275039
275035
275015
275013
275005
274993
274991
274963
274958
274952
274948
274946
274959
274950
274937
274925
274917
274920
274907
274886
274882
274873
274865
274855
274837
274897
274829
274826
274795
274760
274749
274798
274742
274894
275471
274775
275069
277546
274647
274637
274635
274633
274592
274575
274574
274571
274566
274556
274549
274544
274541
274529
274524
274523
274516
274512
274495
274493
274471
274468
274456
274447
274394
274378
274356
274483
274345
274343
274443
275419
274251
274232
274230
274229
274227
274225
274207
274205
274204
274199
274198
274191
274184
274183
274180
274178
274170
274169
274155
274145
274141
274128
274116
274111
274104
274105
274161
274076
274047
274051
274033
274019
274082
274173
274103
273999
273984
273970
273968
273969
273967
273948
273945
273942
273939
273936
273930
273877
273876
273875
273872
273862
273883
273825
273816
273802
273794
273753
273772
273887
273892
273846
273730
273705
273702
273708