295737
295735
295670
295664
295648
295642
295614
295597
295627
295651
295592
295581
295513
295488
295444
295435
295818
295373
295886
295873
295280
295262
295229
295226
295177
295793
295802
295875
295870
295147
295635
295650
295653
295840
295079
295064
295059
295050
295040
295036
295009
294996
294991
294982
294975
294971
294967
294966
294932
294924
294922
294913
294903
294882
294908
294874
294866
294828
294819
294813
294824
294784
294778
294754
294751
294737
294735
294739
295941
294716
294688
294674
294669
294666
294544
294599
294595
294587
294557
294529
294522
294519
294514
294822
294508
294449
294447
294441
294429
294426
294419
294405
294389
294377
294375
294330
294315
294304
294259
294242
294234
294212
294191
294184
294161
294159
294132
294116
294169
294092
294083
294071
294039
294097
294396
293930
293922
293878
293872
293847
293837
293835
293828
293821
293812
293810
293804
293802
293767
293762
293753
293722
293704
293684
293679
293674
293668
293667
293850
293635
293604
293571
293522
293591
293625
293631
293382
293330
293320
293251
293232
293225
293210
293189
293112
293102
293105
293103
293070
293026
292874
292862
292843
292828
292826
292801
292804
292778
292765
292693
292682
292663
292658
292637
292552
292546
292544
292542
292536
292508
292483
292460
292477
292369
292532
292363
292334
292239
292137
292120
292092
292087
292076
292073
292052
292027
292003
291957
291858
291825
291687
291666
291625
291414
291552
291299
291253
291213
290936
291173
290955
291060
291417
290879
290857
290793
290783
290781
290752
290750
290738
290729
290701
290690
290681
290667
290617
290596
290897
290900
290615
290481
290478
290476
290465
290451
290446
290430
290415
290444
290402
290403
290363
290354
290347
290341
290333
290329
290325
290313
290276
290272
290236
290212
290211
290202
290187
292188
290149
290172
290490
290114
290106
290101
290069
290055
290039
290017
290013
290012
290008
290003
289991
289986
289982
289977
289979
289997
289964
289957
289941
289958
289930
289915
289908
289893
290068
289909
289884
289862
289855
289849
289846
290056
289786
289785
289747
289740
290289
290063