158354	9997	9999
158352	9997	9999
158346	9997	9999
158343	9997	9999
158339	9997	9999
158333	9997	9999
158330	9997	9999
158327	9997	9999
158329	9997	9999
158325	9997	9999
158318	9997	9999
158322	9997	9999
158312	9997	9999
158306	9997	9999
158305	9997	9999
158348	9997	9999
158350	9997	9999
158344	9997	9999
158341	9997	9999
158353	9997	9999
158319	9997	9999
158302	9997	9999
158304	9997	9999
158298	9997	9999
158294	9998	9999
158293	9998	9999
158290	9998	9999
158287	9998	9999
158337	9998	9999
158280	9998	9999
158271	9998	9999
158268	9998	9999
158265	9998	9999
157107	9998	9999
157088	9998	9999